{
  "transform_convention": {
    "T_rigid_camera": "maps camera_color_optical_frame points into mocap rigid body 4 coordinates",
    "T_camera_rigid": "inverse; maps rigid body 4 points into camera coordinates"
  },
  "selected": {
    "method": "Daniilidis",
    "mocap_pose_direction": "rigid_to_world",
    "T_rigid_camera": [
      [
        -0.998840945288388,
        0.01796907860173322,
        0.044652863621557994,
        0.03171231138824412
      ],
      [
        -0.019778786374847365,
        -0.9989868907133973,
        -0.040422664339674806,
        -0.017874391432528405
      ],
      [
        0.043881267357938465,
        -0.04125899171071196,
        0.9981844168178927,
        0.00488688272374013
      ],
      [
        0.0,
        0.0,
        0.0,
        1.0
      ]
    ],
    "quaternion_xyzw": [
      0.0221445738676357,
      -0.02043060056078827,
      0.9995014073051218,
      -0.009441673793726117
    ],
    "translation_m": [
      0.03171231138824412,
      -0.017874391432528405,
      0.00488688272374013
    ],
    "translation_rmse_mm": 8.735028324463165,
    "rotation_rmse_deg": 1.343642646194404,
    "translation_max_mm": 18.320195385373978,
    "rotation_max_deg": 2.2143317040185577
  },
  "T_camera_rigid": [
    [
      -0.998840945288388,
      -0.019778786374847365,
      0.043881267357938465,
      0.03110757870724175
    ],
    [
      0.01796907860173322,
      -0.9989868907133973,
      -0.04125899171071196,
      -0.01822449588276372
    ],
    [
      0.044652863621557994,
      -0.040422664339674806,
      0.9981844168178927,
      -0.007016586222350677
    ],
    [
      0.0,
      0.0,
      0.0,
      1.0
    ]
  ],
  "sample_count_collected": 26,
  "sample_count_used": 26,
  "rejected_sample_indices_zero_based": [],
  "rigid_id": 4,
  "mocap_position_scale": 0.001,
  "board": {
    "dictionary": "DICT_6X6_250",
    "squares_x": 7,
    "squares_y": 5,
    "square_length_m": 0.01812,
    "marker_length_m": 0.01446
  },
  "camera": {
    "matrix": [
      [
        605.9110107421875,
        0.0,
        327.7267150878906
      ],
      [
        0.0,
        605.3831787109375,
        242.38011169433594
      ],
      [
        0.0,
        0.0,
        1.0
      ]
    ],
    "distortion_model": "distortion.inverse_brown_conrady",
    "raw_distortion_coefficients": [
      [
        0.0,
        0.0,
        0.0,
        0.0,
        0.0
      ]
    ]
  },
  "all_solver_results": [
    {
      "method": "Daniilidis",
      "mocap_pose_direction": "rigid_to_world",
      "T_rigid_camera": [
        [
          -0.998840945288388,
          0.01796907860173322,
          0.044652863621557994,
          0.03171231138824412
        ],
        [
          -0.019778786374847365,
          -0.9989868907133973,
          -0.040422664339674806,
          -0.017874391432528405
        ],
        [
          0.043881267357938465,
          -0.04125899171071196,
          0.9981844168178927,
          0.00488688272374013
        ],
        [
          0.0,
          0.0,
          0.0,
          1.0
        ]
      ],
      "quaternion_xyzw": [
        0.0221445738676357,
        -0.02043060056078827,
        0.9995014073051218,
        -0.009441673793726117
      ],
      "translation_m": [
        0.03171231138824412,
        -0.017874391432528405,
        0.00488688272374013
      ],
      "translation_rmse_mm": 8.735028324463165,
      "rotation_rmse_deg": 1.343642646194404,
      "translation_max_mm": 18.320195385373978,
      "rotation_max_deg": 2.2143317040185577
    },
    {
      "method": "Horaud",
      "mocap_pose_direction": "rigid_to_world",
      "T_rigid_camera": [
        [
          -0.9988354339123573,
          0.020799678353954704,
          0.04353331300836254,
          0.03256323727907047
        ],
        [
          -0.022604368224087356,
          -0.9988876616598806,
          -0.04138214495219981,
          -0.01809844137771782
        ],
        [
          0.04262415393062845,
          -0.04231799574681006,
          0.998194554552203,
          0.005632635782151417
        ],
        [
          0.0,
          0.0,
          0.0,
          1.0
        ]
      ],
      "quaternion_xyzw": [
        0.021550366559064997,
        -0.02093572126936189,
        0.9994895759992249,
        -0.010856553089773227
      ],
      "translation_m": [
        0.03256323727907047,
        -0.01809844137771782,
        0.005632635782151417
      ],
      "translation_rmse_mm": 8.771578035019422,
      "rotation_rmse_deg": 1.3419348764541144,
      "translation_max_mm": 18.166157766937484,
      "rotation_max_deg": 2.1802663570641445
    },
    {
      "method": "Park",
      "mocap_pose_direction": "rigid_to_world",
      "T_rigid_camera": [
        [
          -0.9988229948916811,
          0.02164338328854011,
          0.04340724404333671,
          0.03275408683191255
        ],
        [
          -0.023452544144962534,
          -0.9988585588486085,
          -0.04161198851283032,
          -0.018046612594658402
        ],
        [
          0.0424570730119371,
          -0.04258102129691288,
          0.9981904896243834,
          0.005569379455200828
        ],
        [
          0.0,
          0.0,
          0.0,
          1.0
        ]
      ],
      "quaternion_xyzw": [
        0.021477164224767795,
        -0.02105912165000186,
        0.9994838722266464,
        -0.011279803678332057
      ],
      "translation_m": [
        0.03275408683191255,
        -0.018046612594658402,
        0.005569379455200828
      ],
      "translation_rmse_mm": 8.779697008951825,
      "rotation_rmse_deg": 1.3421132294620923,
      "translation_max_mm": 18.10168891022606,
      "rotation_max_deg": 2.1723663628713386
    },
    {
      "method": "Andreff",
      "mocap_pose_direction": "rigid_to_world",
      "T_rigid_camera": [
        [
          -0.9988383644457656,
          0.0191346340452212,
          0.04422428621541819,
          0.032330434528048485
        ],
        [
          -0.020961291622021483,
          -0.9989303349243985,
          -0.04121662554559247,
          -0.013286030755285783
        ],
        [
          0.043388315994566516,
          -0.04209574500807023,
          0.9981710285754496,
          0.022813543588270258
        ],
        [
          0.0,
          0.0,
          0.0,
          1.0
        ]
      ],
      "quaternion_xyzw": [
        0.021914275616496847,
        -0.020838671658226494,
        0.9994923371324081,
        -0.010029072804669976
      ],
      "translation_m": [
        0.032330434528048485,
        -0.013286030755285783,
        0.022813543588270258
      ],
      "translation_rmse_mm": 14.940144321660217,
      "rotation_rmse_deg": 1.3422841914326007,
      "translation_max_mm": 29.01705159112289,
      "rotation_max_deg": 2.183779358128265
    },
    {
      "method": "Tsai-Lenz",
      "mocap_pose_direction": "rigid_to_world",
      "T_rigid_camera": [
        [
          -0.9695071989400901,
          0.24023458129024114,
          -0.04840596198448166,
          0.08472253812865628
        ],
        [
          -0.2369660927156633,
          -0.969359188729074,
          -0.06472892807379822,
          -0.0003872361237041303
        ],
        [
          -0.062472890972102596,
          -0.05128459007161713,
          0.9967281618950947,
          0.0006752365747668913
        ],
        [
          0.0,
          0.0,
          0.0,
          1.0
        ]
      ],
      "quaternion_xyzw": [
        -0.02794560740925744,
        -0.029239734591482533,
        0.991916648409061,
        -0.1202723723740519
      ],
      "translation_m": [
        0.08472253812865628,
        -0.0003872361237041303,
        0.0006752365747668913
      ],
      "translation_rmse_mm": 29.088224295521304,
      "rotation_rmse_deg": 4.232600189270204,
      "translation_max_mm": 53.132717621424895,
      "rotation_max_deg": 10.542105351004784
    },
    {
      "method": "Horaud",
      "mocap_pose_direction": "world_to_rigid",
      "T_rigid_camera": [
        [
          -0.34710116788656487,
          -0.8376078020912895,
          0.4218221771405382,
          -1.2730579876097494
        ],
        [
          -0.12054788992255516,
          0.4859035319228475,
          0.8656592654735017,
          0.40241818728892254
        ],
        [
          -0.9300478404291921,
          0.2496215686608475,
          -0.26962953653540167,
          -1.5270561336551522
        ],
        [
          0.0,
          0.0,
          0.0,
          1.0
        ]
      ],
      "quaternion_xyzw": [
        -0.33038796767058154,
        0.7250231438279768,
        0.3845673216188277,
        0.4661471944302794
      ],
      "translation_m": [
        -1.2730579876097494,
        0.40241818728892254,
        -1.5270561336551522
      ],
      "translation_rmse_mm": 142.54772461636082,
      "rotation_rmse_deg": 12.266147875759456,
      "translation_max_mm": 365.55497996233737,
      "rotation_max_deg": 29.514287429475377
    },
    {
      "method": "Park",
      "mocap_pose_direction": "world_to_rigid",
      "T_rigid_camera": [
        [
          -0.31637663120441295,
          -0.8469549389004432,
          0.427285804468033,
          -1.2762490933155037
        ],
        [
          -0.12317257021016648,
          0.48328535676575085,
          0.8667547414832084,
          0.40324629583864574
        ],
        [
          -0.9406031815678538,
          0.22159105444026328,
          -0.25722180976053277,
          -1.5341129594981595
        ],
        [
          0.0,
          0.0,
          0.0,
          1.0
        ]
      ],
      "quaternion_xyzw": [
        -0.33821584150892803,
        0.7170920090425453,
        0.3794303179366831,
        0.4768875432952736
      ],
      "translation_m": [
        -1.2762490933155037,
        0.40324629583864574,
        -1.5341129594981595
      ],
      "translation_rmse_mm": 142.6929188378603,
      "rotation_rmse_deg": 12.274308611709936,
      "translation_max_mm": 365.44512479325186,
      "rotation_max_deg": 29.099587046355833
    },
    {
      "method": "Daniilidis",
      "mocap_pose_direction": "world_to_rigid",
      "T_rigid_camera": [
        [
          -0.2972550140657621,
          -0.8486083360708496,
          0.4376109557173214,
          -1.2965475029500722
        ],
        [
          -0.12177387520397792,
          0.48828050641505855,
          0.8641488704921507,
          0.40736414176799496
        ],
        [
          -0.9470008341762797,
          0.20358300274364205,
          -0.2484821544161927,
          -1.5558825291150247
        ],
        [
          0.0,
          0.0,
          0.0,
          1.0
        ]
      ],
      "quaternion_xyzw": [
        -0.3402009089991427,
        0.7130949577189937,
        0.37433018621082065,
        0.4854233559309604
      ],
      "translation_m": [
        -1.2965475029500722,
        0.40736414176799496,
        -1.5558825291150247
      ],
      "translation_rmse_mm": 144.52188410166136,
      "rotation_rmse_deg": 12.293887083484295,
      "translation_max_mm": 351.140134098224,
      "rotation_max_deg": 29.220339327637195
    },
    {
      "method": "Tsai-Lenz",
      "mocap_pose_direction": "world_to_rigid",
      "T_rigid_camera": [
        [
          0.05186744894260098,
          -0.8711775136276969,
          0.4882207569221639,
          -1.2966208806836637
        ],
        [
          -0.09958447649434082,
          0.48193012668840196,
          0.8705321849486376,
          0.4208149472195777
        ],
        [
          -0.9936763556518464,
          -0.09377149214747887,
          -0.061759270388343834,
          -1.6172143280576148
        ],
        [
          0.0,
          0.0,
          0.0,
          1.0
        ]
      ],
      "quaternion_xyzw": [
        -0.3973967138271725,
        0.6107008163033157,
        0.31797922651513466,
        0.6066379285130998
      ],
      "translation_m": [
        -1.2966208806836637,
        0.4208149472195777,
        -1.6172143280576148
      ],
      "translation_rmse_mm": 149.78624119254542,
      "rotation_rmse_deg": 13.749302767683373,
      "translation_max_mm": 374.4455010414451,
      "rotation_max_deg": 34.39112613269661
    },
    {
      "method": "Andreff",
      "mocap_pose_direction": "world_to_rigid",
      "T_rigid_camera": [
        [
          -0.35903424429010034,
          -0.8236981151178572,
          0.4388801961564522,
          -1.0606988110483013
        ],
        [
          -0.1347334097653717,
          0.5110496820078846,
          0.8489258688558364,
          0.5607128730659902
        ],
        [
          -0.9235482227366548,
          0.245661632476318,
          -0.2944639920415354,
          -1.6390126052257907
        ],
        [
          0.0,
          0.0,
          0.0,
          1.0
        ]
      ],
      "quaternion_xyzw": [
        -0.32572229956803334,
        0.7356201326669085,
        0.37199481523291433,
        0.46302036825507176
      ],
      "translation_m": [
        -1.0606988110483013,
        0.5607128730659902,
        -1.6390126052257907
      ],
      "translation_rmse_mm": 277.12724043284663,
      "rotation_rmse_deg": 12.393876301347904,
      "translation_max_mm": 474.84647057989764,
      "rotation_max_deg": 30.657445629745673
    }
  ],
  "sample_quality": [
    {
      "frame_count": 19,
      "mean_pair_delta_ms": 3.8252880698756164,
      "max_pair_delta_ms": 9.62686538696289,
      "mean_pnp_rmse_px": 0.4029029048556675,
      "mean_corner_count": 23.157894736842106
    },
    {
      "frame_count": 24,
      "mean_pair_delta_ms": 1.8074214458465576,
      "max_pair_delta_ms": 18.24665069580078,
      "mean_pnp_rmse_px": 0.2858229714504516,
      "mean_corner_count": 23.666666666666668
    },
    {
      "frame_count": 24,
      "mean_pair_delta_ms": 3.376652797063192,
      "max_pair_delta_ms": 7.488012313842773,
      "mean_pnp_rmse_px": 0.4012615820974925,
      "mean_corner_count": 23.916666666666668
    },
    {
      "frame_count": 24,
      "mean_pair_delta_ms": 5.228857199350993,
      "max_pair_delta_ms": 7.097959518432617,
      "mean_pnp_rmse_px": 0.20452013939481417,
      "mean_corner_count": 24.0
    },
    {
      "frame_count": 18,
      "mean_pair_delta_ms": 5.428221490648057,
      "max_pair_delta_ms": 8.244514465332031,
      "mean_pnp_rmse_px": 0.39950370131743773,
      "mean_corner_count": 24.0
    },
    {
      "frame_count": 24,
      "mean_pair_delta_ms": 2.593437830607096,
      "max_pair_delta_ms": 4.6710968017578125,
      "mean_pnp_rmse_px": 0.21871977113074617,
      "mean_corner_count": 24.0
    },
    {
      "frame_count": 24,
      "mean_pair_delta_ms": 1.4973183472951253,
      "max_pair_delta_ms": 3.2711029052734375,
      "mean_pnp_rmse_px": 0.27739145910564617,
      "mean_corner_count": 24.0
    },
    {
      "frame_count": 21,
      "mean_pair_delta_ms": 4.105272747221447,
      "max_pair_delta_ms": 6.612062454223633,
      "mean_pnp_rmse_px": 0.32897411512957975,
      "mean_corner_count": 24.0
    },
    {
      "frame_count": 24,
      "mean_pair_delta_ms": 6.295830011367798,
      "max_pair_delta_ms": 8.19253921508789,
      "mean_pnp_rmse_px": 0.36812459592462893,
      "mean_corner_count": 24.0
    },
    {
      "frame_count": 24,
      "mean_pair_delta_ms": 0.8497734864552816,
      "max_pair_delta_ms": 2.3992061614990234,
      "mean_pnp_rmse_px": 0.3317932249675256,
      "mean_corner_count": 24.0
    },
    {
      "frame_count": 20,
      "mean_pair_delta_ms": 4.990124702453613,
      "max_pair_delta_ms": 7.748842239379883,
      "mean_pnp_rmse_px": 0.2846482996903998,
      "mean_corner_count": 24.0
    },
    {
      "frame_count": 19,
      "mean_pair_delta_ms": 3.864765167236328,
      "max_pair_delta_ms": 9.269475936889648,
      "mean_pnp_rmse_px": 0.3190741864379484,
      "mean_corner_count": 24.0
    },
    {
      "frame_count": 21,
      "mean_pair_delta_ms": 2.452941167922247,
      "max_pair_delta_ms": 9.355783462524414,
      "mean_pnp_rmse_px": 0.3240039878440456,
      "mean_corner_count": 22.0
    },
    {
      "frame_count": 24,
      "mean_pair_delta_ms": 10.216365257898966,
      "max_pair_delta_ms": 13.185977935791016,
      "mean_pnp_rmse_px": 0.4204031973713147,
      "mean_corner_count": 24.0
    },
    {
      "frame_count": 23,
      "mean_pair_delta_ms": 9.952078694882601,
      "max_pair_delta_ms": 11.574745178222656,
      "mean_pnp_rmse_px": 0.3381255359812862,
      "mean_corner_count": 24.0
    },
    {
      "frame_count": 22,
      "mean_pair_delta_ms": 5.02887639132413,
      "max_pair_delta_ms": 6.815910339355469,
      "mean_pnp_rmse_px": 0.3295706275466137,
      "mean_corner_count": 24.0
    },
    {
      "frame_count": 24,
      "mean_pair_delta_ms": 1.9081532955169678,
      "max_pair_delta_ms": 3.628969192504883,
      "mean_pnp_rmse_px": 0.24161896692024265,
      "mean_corner_count": 24.0
    },
    {
      "frame_count": 19,
      "mean_pair_delta_ms": 4.4584399775454875,
      "max_pair_delta_ms": 8.18490982055664,
      "mean_pnp_rmse_px": 0.33108632123426485,
      "mean_corner_count": 24.0
    },
    {
      "frame_count": 19,
      "mean_pair_delta_ms": 5.716386594270405,
      "max_pair_delta_ms": 16.412734985351562,
      "mean_pnp_rmse_px": 0.31819613325194307,
      "mean_corner_count": 24.0
    },
    {
      "frame_count": 24,
      "mean_pair_delta_ms": 6.421397129694621,
      "max_pair_delta_ms": 29.679536819458008,
      "mean_pnp_rmse_px": 0.24117161320880487,
      "mean_corner_count": 24.0
    },
    {
      "frame_count": 22,
      "mean_pair_delta_ms": 5.563779310746627,
      "max_pair_delta_ms": 9.061336517333984,
      "mean_pnp_rmse_px": 0.27695335675364635,
      "mean_corner_count": 24.0
    },
    {
      "frame_count": 22,
      "mean_pair_delta_ms": 7.388895208185369,
      "max_pair_delta_ms": 9.081125259399414,
      "mean_pnp_rmse_px": 0.2950485924329968,
      "mean_corner_count": 24.0
    },
    {
      "frame_count": 19,
      "mean_pair_delta_ms": 5.277759150454872,
      "max_pair_delta_ms": 8.983135223388672,
      "mean_pnp_rmse_px": 0.35310402617563036,
      "mean_corner_count": 24.0
    },
    {
      "frame_count": 23,
      "mean_pair_delta_ms": 7.394127223802649,
      "max_pair_delta_ms": 11.934995651245117,
      "mean_pnp_rmse_px": 0.3955084128934564,
      "mean_corner_count": 24.0
    },
    {
      "frame_count": 23,
      "mean_pair_delta_ms": 3.968829694001571,
      "max_pair_delta_ms": 6.029605865478516,
      "mean_pnp_rmse_px": 0.4405507016096296,
      "mean_corner_count": 24.0
    },
    {
      "frame_count": 19,
      "mean_pair_delta_ms": 4.694123017160516,
      "max_pair_delta_ms": 8.721351623535156,
      "mean_pnp_rmse_px": 0.441510725513452,
      "mean_corner_count": 24.0
    }
  ]
}
